Информация о графе для 20 городов
════════════════════════════════════════════════════════════

Координаты городов:
ID	X	Y
1	334,05	724,69
2	505,77	74,54
3	693,50	406,73
4	219,71	592,99
5	282,15	409,98
6	84,08	513,00
7	349,35	232,77
8	227,90	324,73
9	693,83	373,19
10	649,36	117,70
11	120,91	268,35
12	402,84	79,63
13	262,87	222,41
14	502,79	471,30
15	309,35	95,81
16	560,20	620,81
17	557,03	113,00
18	267,05	238,22
19	598,62	51,59
20	339,51	681,44

Матрица расстояний (первые 10x10):
    0,00   672,45   479,90   174,41   318,96   327,57   492,16   413,81   502,99   684,00 
  672,45     0,00   381,56   592,13   403,14   608,33   222,50   373,90   352,93   149,93 
  479,90   381,56     0,00   509,08   411,36   618,61   385,61   472,76    33,54   292,38 
  174,41   592,13   509,08     0,00   193,37   157,47   382,84   268,39   522,59   640,70 
  318,96   403,14   411,36   193,37     0,00   223,26   189,52   101,05   413,32   469,33 
  327,57   608,33   618,61   157,47   223,26     0,00   385,87   236,92   625,58   689,78 
  492,16   222,50   385,61   382,84   189,52   385,87     0,00   152,33   372,00   321,32 
  413,81   373,90   472,76   268,39   101,05   236,92   152,33     0,00   468,45   469,56 
  502,99   352,93    33,54   522,59   413,32   625,58   372,00   468,45     0,00   259,33 
  684,00   149,93   292,38   640,70   469,33   689,78   321,32   469,56   259,33     0,00 
